              [38;2;18;26;61m▄[0m[38;2;15;25;63m▄[0m[38;2;12;24;66m▄[0m[38;2;10;25;72m▄[0m[38;2;12;30;79m▄[0m[38;2;18;31;74m[48;2;10;31;84m▀[0m[38;2;17;32;79m[48;2;12;36;92m▀[0m[38;2;13;40;98m▄[0m[38;2;13;44;105m▄[0m[38;2;16;50;111m▄[0m[38;2;20;55;114m▄[0m[38;2;26;60;115m▄[0m              
          [38;2;18;25;60m▄[0m[38;2;26;33;62m[48;2;9;18;57m▀[0m[38;2;15;23;58m[48;2;8;19;60m▀[0m[38;2;10;19;57m[48;2;6;19;65m▀[0m[38;2;7;18;61m[48;2;7;23;72m▀[0m[38;2;7;21;68m[48;2;8;27;80m▀[0m[38;2;7;24;75m[48;2;10;32;88m▀[0m[38;2;9;30;84m[48;2;10;38;96m▀[0m[38;2;10;36;93m[48;2;11;45;106m▀[0m[38;2;12;41;101m[48;2;13;52;115m▀[0m[38;2;13;47;108m[48;2;13;57;121m▀[0m[38;2;13;52;114m[48;2;13;57;121m▀[0m[38;2;12;54;119m[48;2;16;54;115m▀[0m[38;2;15;60;125m[48;2;16;58;119m▀[0m[38;2;18;61;125m[48;2;21;64;125m▀[0m[38;2;16;59;122m[48;2;23;67;128m▀[0m[38;2;23;65;124m[48;2;39;73;131m▀[0m[38;2;37;77;132m[48;2;75;89;140m▀[0m[38;2;55;91;140m[48;2;102;112;154m▀[0m[38;2;89;112;156m▄[0m          
       [38;2;23;31;67m▄[0m[38;2;27;34;66m[48;2;8;18;60m▀[0m[38;2;11;20;58m[48;2;10;23;66m▀[0m[38;2;8;19;61m[48;2;8;23;70m▀[0m[38;2;8;21;66m[48;2;10;27;77m▀[0m[38;2;8;22;70m[48;2;9;29;83m▀[0m[38;2;9;27;78m[48;2;9;34;91m▀[0m[38;2;9;32;86m[48;2;10;40;99m▀[0m[38;2;10;36;93m[48;2;12;46;107m▀[0m[38;2;11;39;98m[48;2;12;48;109m▀[0m[38;2;10;45;107m[48;2;10;51;113m▀[0m[38;2;14;58;121m[48;2;15;65;127m▀[0m[38;2;17;64;128m[48;2;21;71;132m▀[0m[38;2;17;65;129m[48;2;21;72;134m▀[0m[38;2;16;57;118m[48;2;19;59;119m▀[0m[38;2;17;53;110m[48;2;16;44;99m▀[0m[38;2;25;60;115m[48;2;20;43;96m▀[0m[38;2;25;61;118m[48;2;16;33;81m▀[0m[38;2;29;63;117m[48;2;15;28;74m▀[0m[38;2;57;77;128m[48;2;23;35;79m▀[0m[38;2;119;102;138m[48;2;37;44;88m▀[0m[38;2;139;118;142m[48;2;39;44;88m▀[0m[38;2;62;78;122m[48;2;11;30;83m▀[0m[38;2;36;47;93m[48;2;12;30;79m▀[0m[38;2;47;55;93m[48;2;13;28;74m▀[0m[38;2;26;38;80m▄[0m       
     [38;2;24;35;74m▄[0m[38;2;24;34;71m[48;2;8;21;66m▀[0m[38;2;8;20;63m[48;2;9;24;73m▀[0m[38;2;7;21;67m[48;2;9;26;78m▀[0m[38;2;10;27;76m[48;2;9;29;84m▀[0m[38;2;10;29;82m[48;2;10;34;92m▀[0m[38;2;12;34;88m[48;2;11;41;101m▀[0m[38;2;16;38;94m[48;2;13;47;109m▀[0m[38;2;9;42;103m[48;2;12;54;117m▀[0m[38;2;11;50;113m[48;2;15;63;127m▀[0m[38;2;13;56;119m[48;2;17;69;133m▀[0m[38;2;15;57;117m[48;2;18;62;122m▀[0m[38;2;16;59;119m[48;2;19;56;114m▀[0m[38;2;28;73;132m[48;2;45;68;122m▀[0m[38;2;45;81;138m[48;2;83;82;130m▀[0m[38;2;39;79;136m[48;2;42;59;114m▀[0m[38;2;22;53;108m[48;2;24;40;92m▀[0m[38;2;10;28;79m[48;2;20;35;89m▀[0m[38;2;8;22;70m[48;2;23;35;87m▀[0m[38;2;35;42;85m[48;2;77;73;111m▀[0m[38;2;53;58;96m[48;2;70;75;114m▀[0m[38;2;11;29;81m[48;2;23;53;111m▀[0m[38;2;30;46;95m[48;2;43;70;124m▀[0m[38;2;23;40;91m[48;2;56;76;127m▀[0m[38;2;10;35;92m[48;2;48;69;121m▀[0m[38;2;17;34;82m[48;2;31;57;106m▀[0m[38;2;16;31;76m[48;2;45;72;111m▀[0m[38;2;9;24;73m[48;2;35;63;105m▀[0m[38;2;29;41;85m[48;2;16;49;105m▀[0m[38;2;28;64;119m▄[0m     
    [38;2;31;42;81m[48;2;12;29;77m▀[0m[38;2;9;23;71m[48;2;8;27;80m▀[0m[38;2;8;25;75m[48;2;8;30;85m▀[0m[38;2;7;27;81m[48;2;9;34;91m▀[0m[38;2;10;33;88m[48;2;11;41;100m▀[0m[38;2;11;38;96m[48;2;12;48;109m▀[0m[38;2;10;43;105m[48;2;12;54;118m▀[0m[38;2;12;52;116m[48;2;15;63;128m▀[0m[38;2;13;60;124m[48;2;17;73;136m▀[0m[38;2;15;69;132m[48;2;23;83;143m▀[0m[38;2;19;77;140m[48;2;31;87;145m▀[0m[38;2;30;84;144m[48;2;41;79;132m▀[0m[38;2;22;55;111m[48;2;16;33;85m▀[0m[38;2;10;29;82m[48;2;7;24;77m▀[0m[38;2;22;36;88m[48;2;26;37;78m▀[0m[38;2;42;47;97m[48;2;72;68;81m▀[0m[38;2;29;40;86m[48;2;118;95;83m▀[0m[38;2;40;50;88m[48;2;141;110;86m▀[0m[38;2;56;59;93m[48;2;147;114;87m▀[0m[38;2;57;61;103m[48;2;141;111;88m▀[0m[38;2;112;112;140m[48;2;139;117;104m▀[0m[38;2;74;87;132m[48;2;109;111;129m▀[0m[38;2;54;80;135m[48;2;77;107;148m▀[0m[38;2;64;105;158m[48;2;67;125;171m▀[0m[38;2;72;111;161m[48;2;49;119;176m▀[0m[38;2;40;85;143m[48;2;24;88;154m▀[0m[38;2;18;62;122m[48;2;13;68;135m▀[0m[38;2;23;76;138m[48;2;15;73;144m▀[0m[38;2;47;93;136m[48;2;41;85;135m▀[0m[38;2;23;68;129m[48;2;20;58;122m▀[0m[38;2;13;56;123m[48;2;11;45;113m▀[0m[38;2;34;67;125m[48;2;14;41;106m▀[0m    
  [38;2;38;55;97m▄[0m[38;2;20;38;85m[48;2;10;33;87m▀[0m[38;2;8;30;85m[48;2;11;41;98m▀[0m[38;2;8;33;89m[48;2;8;33;87m▀[0m[38;2;10;31;86m[48;2;11;28;76m▀[0m[38;2;9;34;90m[48;2;11;33;87m▀[0m[38;2;12;50;112m[48;2;12;58;121m▀[0m[38;2;15;61;123m[48;2;20;71;131m▀[0m[38;2;22;69;127m[48;2;90;117;127m▀[0m[38;2;33;81;134m[48;2;118;137;138m▀[0m[38;2;25;83;144m[48;2;63;99;144m▀[0m[38;2;41;93;148m[48;2;48;79;131m▀[0m[38;2;40;84;137m[48;2;24;47;99m▀[0m[38;2;22;48;101m[48;2;14;33;86m▀[0m[38;2;13;27;76m[48;2;50;55;82m▀[0m[38;2;41;45;76m[48;2;125;99;81m▀[0m[38;2;114;93;81m[48;2;148;114;85m▀[0m[38;2;156;119;87m[48;2;141;109;83m▀[0m[38;2;162;123;89m[48;2;157;120;88m▀[0m[38;2;162;123;89m[48;2;162;122;89m▀[0m[38;2;160;122;89m[48;2;155;119;87m▀[0m[38;2;138;108;83m[48;2;114;92;75m▀[0m[38;2;156;120;89m[48;2;148;117;89m▀[0m[38;2;172;142;115m[48;2;172;147;122m▀[0m[38;2;155;139;125m[48;2;194;167;140m▀[0m[38;2;66;91;110m[48;2;138;137;134m▀[0m[38;2;37;116;177m[48;2;49;114;173m▀[0m[38;2;27;89;156m[48;2;24;77;147m▀[0m[38;2;24;73;137m[48;2;34;68;124m▀[0m[38;2;32;73;131m[48;2;32;61;116m▀[0m[38;2;39;70;119m[48;2;14;42;108m▀[0m[38;2;11;42;109m[48;2;8;32;98m▀[0m[38;2;12;37;102m[48;2;7;28;91m▀[0m[38;2;9;30;93m[48;2;6;24;85m▀[0m[38;2;20;37;93m[48;2;9;24;82m▀[0m[38;2;36;47;92m▄[0m  
  [38;2;21;43;94m[48;2;12;40;96m▀[0m[38;2;11;39;96m[48;2;9;42;102m▀[0m[38;2;26;59;116m[48;2;12;50;111m▀[0m[38;2;10;45;102m[48;2;15;56;114m▀[0m[38;2;11;29;78m[48;2;12;40;93m▀[0m[38;2;11;33;86m[48;2;11;30;82m▀[0m[38;2;19;66;126m[48;2;70;92;119m▀[0m[38;2;82;113;135m[48;2;162;166;150m▀[0m[38;2;153;159;138m[48;2;159;163;140m▀[0m[38;2;192;187;167m[48;2;204;197;179m▀[0m[38;2;137;139;140m[48;2;194;189;171m▀[0m[38;2;41;51;94m[48;2;99;107;116m▀[0m[38;2;21;34;88m[48;2;33;46;96m▀[0m[38;2;36;49;89m[48;2;85;77;87m▀[0m[38;2;113;92;80m[48;2;154;117;86m▀[0m[38;2;160;121;88m[48;2;162;122;89m▀[0m[38;2;143;111;84m[48;2;159;120;88m▀[0m[38;2;143;111;83m[48;2;155;118;86m▀[0m[38;2;160;121;88m[48;2;160;121;88m▀[0m[38;2;161;121;89m[48;2;161;121;89m▀[0m[38;2;160;122;89m[48;2;157;120;89m▀[0m[38;2;148;115;86m[48;2;132;104;80m▀[0m[38;2;122;97;77m[48;2;133;104;80m▀[0m[38;2;145;120;98m[48;2;159;121;90m▀[0m[38;2;185;156;128m[48;2;150;118;91m▀[0m[38;2;109;110;120m[48;2;55;70;109m▀[0m[38;2;17;66;140m[48;2;12;48;120m▀[0m[38;2;13;51;125m[48;2;9;37;109m▀[0m[38;2;15;45;114m[48;2;11;34;104m▀[0m[38;2;11;38;106m[48;2;9;31;99m▀[0m[38;2;10;33;100m[48;2;7;27;94m▀[0m[38;2;7;26;91m[48;2;6;24;89m▀[0m[38;2;8;26;88m[48;2;10;27;91m▀[0m[38;2;6;23;84m[48;2;8;25;87m▀[0m[38;2;7;23;82m[48;2;5;21;83m▀[0m[38;2;18;31;84m[48;2;9;24;84m▀[0m  
 [38;2;30;56;105m[48;2;22;54;107m▀[0m[38;2;10;44;102m[48;2;11;50;109m▀[0m[38;2;10;49;110m[48;2;12;57;118m▀[0m[38;2;12;56;117m[48;2;18;65;124m▀[0m[38;2;17;61;119m[48;2;15;55;113m▀[0m[38;2;15;49;104m[48;2;36;66;110m▀[0m[38;2;43;58;90m[48;2;139;144;137m▀[0m[38;2;158;160;147m[48;2;169;171;148m▀[0m[38;2;158;162;139m[48;2;121;134;109m▀[0m[38;2;152;158;136m[48;2;148;155;132m▀[0m[38;2;205;198;180m[48;2;205;198;179m▀[0m[38;2;206;199;181m[48;2;206;199;181m▀[0m[38;2;189;186;169m[48;2;191;184;167m▀[0m[38;2;104;106;112m[48;2;138;119;101m▀[0m[38;2;129;101;84m[48;2;155;117;85m▀[0m[38;2;162;122;89m[48;2;161;122;89m▀[0m[38;2;161;122;89m[48;2;161;122;89m▀[0m[38;2;161;122;89m[48;2;161;122;89m▀[0m[38;2;161;122;89m[48;2;161;122;89m▀[0m[38;2;161;122;89m[48;2;161;122;89m▀[0m[38;2;161;121;89m[48;2;161;122;89m▀[0m[38;2;161;122;89m[48;2;161;122;89m▀[0m[38;2;156;119;87m[48;2;161;122;89m▀[0m[38;2;159;121;88m[48;2;147;113;85m▀[0m[38;2;156;120;88m[48;2;91;83;91m▀[0m[38;2;90;84;95m[48;2;20;44;109m▀[0m[38;2;15;42;112m[48;2;5;32;107m▀[0m[38;2;8;35;107m[48;2;29;50;106m▀[0m[38;2;30;51;105m[48;2;140;145;141m▀[0m[38;2;20;40;99m[48;2;111;119;128m▀[0m[38;2;4;24;93m[48;2;13;32;94m▀[0m[38;2;5;25;92m[48;2;4;23;93m▀[0m[38;2;9;28;94m[48;2;5;23;93m▀[0m[38;2;5;23;89m[48;2;4;24;94m▀[0m[38;2;6;23;88m[48;2;5;25;95m▀[0m[38;2;5;22;87m[48;2;3;21;90m▀[0m[38;2;4;20;86m[48;2;3;21;91m▀[0m[38;2;28;44;101m[48;2;20;38;103m▀[0m 
 [38;2;20;54;108m[48;2;17;47;99m▀[0m[38;2;12;51;108m[48;2;12;40;93m▀[0m[38;2;18;62;120m[48;2;19;51;105m▀[0m[38;2;36;72;127m[48;2;45;68;118m▀[0m[38;2;50;76;123m[48;2;98;108;115m▀[0m[38;2;100;117;117m[48;2;117;131;105m▀[0m[38;2;142;150;126m[48;2;115;130;104m▀[0m[38;2;120;134;109m[48;2;116;131;105m▀[0m[38;2;115;130;105m[48;2;116;131;105m▀[0m[38;2;133;143;120m[48;2;118;132;106m▀[0m[38;2;198;193;174m[48;2;169;171;149m▀[0m[38;2;196;188;171m[48;2;163;153;138m▀[0m[38;2;130;116;103m[48;2;131;103;81m▀[0m[38;2;144;110;83m[48;2;161;122;88m▀[0m[38;2;162;122;88m[48;2;162;122;88m▀[0m[38;2;161;122;88m[48;2;162;122;88m▀[0m[38;2;162;122;89m[48;2;162;122;89m▀[0m[38;2;161;122;89m[48;2;162;122;88m▀[0m[38;2;161;122;89m[48;2;162;122;88m▀[0m[38;2;162;122;89m[48;2;162;122;88m▀[0m[38;2;161;122;89m[48;2;162;122;88m▀[0m[38;2;162;122;89m[48;2;162;122;88m▀[0m[38;2;158;120;88m[48;2;163;123;89m▀[0m[38;2;116;93;77m[48;2;143;111;86m▀[0m[38;2;37;51;99m[48;2;37;50;101m▀[0m[38;2;4;31;108m[48;2;10;35;107m▀[0m[38;2;17;40;104m[48;2;102;113;128m▀[0m[38;2;124;131;135m[48;2;171;172;150m▀[0m[38;2;200;195;175m[48;2;143;151;129m▀[0m[38;2;194;189;171m[48;2;147;154;132m▀[0m[38;2;98;108;124m[48;2;173;173;153m▀[0m[38;2;9;28;96m[48;2;86;98;122m▀[0m[38;2;3;21;95m[48;2;6;27;102m▀[0m[38;2;5;26;99m[48;2;4;26;104m▀[0m[38;2;5;26;100m[48;2;4;26;103m▀[0m[38;2;3;23;97m[48;2;4;25;104m▀[0m[38;2;3;22;96m[48;2;5;27;105m▀[0m[38;2;9;28;99m[48;2;6;26;103m▀[0m 
[38;2;39;62;104m▄[0m[38;2;12;36;87m[48;2;13;36;86m▀[0m[38;2;10;31;82m[48;2;7;31;85m▀[0m[38;2;10;33;86m[48;2;43;64;95m▀[0m[38;2;58;77;98m[48;2;108;123;104m▀[0m[38;2;114;129;106m[48;2;117;132;105m▀[0m[38;2;116;131;105m[48;2;116;131;105m▀[0m[38;2;116;131;105m[48;2;116;131;105m▀[0m[38;2;116;131;105m[48;2;116;131;105m▀[0m[38;2;116;131;105m[48;2;116;131;105m▀[0m[38;2;116;131;105m[48;2;116;132;106m▀[0m[38;2;120;131;108m[48;2;106;109;90m▀[0m[38;2;122;106;89m[48;2;135;105;80m▀[0m[38;2;156;118;86m[48;2;163;123;88m▀[0m[38;2;162;122;88m[48;2;162;122;88m▀[0m[38;2;162;122;88m[48;2;162;122;89m▀[0m[38;2;162;122;88m[48;2;162;122;88m▀[0m[38;2;162;122;88m[48;2;162;122;88m▀[0m[38;2;162;122;88m[48;2;162;122;88m▀[0m[38;2;162;122;88m[48;2;162;122;88m▀[0m[38;2;162;122;88m[48;2;162;122;88m▀[0m[38;2;162;122;88m[48;2;162;122;88m▀[0m[38;2;162;122;88m[48;2;159;121;87m▀[0m[38;2;162;122;88m[48;2;162;122;88m▀[0m[38;2;155;118;87m[48;2;158;119;86m▀[0m[38;2;52;59;98m[48;2;103;95;89m▀[0m[38;2;65;84;112m[48;2;110;126;106m▀[0m[38;2;142;150;128m[48;2;116;131;105m▀[0m[38;2;124;136;112m[48;2;116;130;105m▀[0m[38;2;114;129;105m[48;2;116;131;106m▀[0m[38;2;114;129;105m[48;2;116;131;106m▀[0m[38;2;134;144;120m[48;2;115;130;106m▀[0m[38;2;163;166;147m[48;2;124;136;112m▀[0m[38;2;71;87;118m[48;2;121;133;114m▀[0m[38;2;4;27;109m[48;2;51;72;113m▀[0m[38;2;2;26;109m[48;2;4;31;118m▀[0m[38;2;2;26;109m[48;2;3;31;118m▀[0m[38;2;4;28;111m[48;2;3;31;118m▀[0m[38;2;5;29;110m[48;2;4;32;118m▀[0m[38;2;34;53;120m[48;2;32;55;127m▀[0m
[38;2;41;64;107m▀[0m[38;2;13;42;95m[48;2;23;54;103m▀[0m[38;2;28;56;98m[48;2;88;108;107m▀[0m[38;2;100;118;105m[48;2;118;133;106m▀[0m[38;2;118;133;105m[48;2;116;132;105m▀[0m[38;2;116;131;105m[48;2;116;131;105m▀[0m[38;2;116;131;105m[48;2;116;131;105m▀[0m[38;2;116;131;105m[48;2;115;130;104m▀[0m[38;2;116;131;105m[48;2;113;129;104m▀[0m[38;2;116;131;105m[48;2;117;132;106m▀[0m[38;2;114;128;103m[48;2;110;121;98m▀[0m[38;2;110;99;82m[48;2;123;100;79m▀[0m[38;2;156;118;86m[48;2;162;123;88m▀[0m[38;2;162;123;88m[48;2;162;123;88m▀[0m[38;2;162;123;89m[48;2;162;123;88m▀[0m[38;2;162;123;88m[48;2;162;123;88m▀[0m[38;2;162;122;88m[48;2;162;122;87m▀[0m[38;2;162;122;88m[48;2;162;122;87m▀[0m[38;2;162;122;88m[48;2;162;122;87m▀[0m[38;2;162;122;88m[48;2;162;122;87m▀[0m[38;2;162;122;87m[48;2;162;122;87m▀[0m[38;2;162;122;87m[48;2;162;122;87m▀[0m[38;2;154;118;85m[48;2;161;121;87m▀[0m[38;2;155;118;85m[48;2;146;111;83m▀[0m[38;2;158;119;86m[48;2;147;112;82m▀[0m[38;2;123;102;80m[48;2;129;100;77m▀[0m[38;2;113;126;101m[48;2;113;116;94m▀[0m[38;2;116;131;106m[48;2;116;132;106m▀[0m[38;2;116;131;106m[48;2;116;131;106m▀[0m[38;2;116;131;106m[48;2;116;131;106m▀[0m[38;2;116;131;106m[48;2;116;131;106m▀[0m[38;2;116;131;106m[48;2;116;131;106m▀[0m[38;2;116;131;106m[48;2;116;131;106m▀[0m[38;2;117;131;106m[48;2;116;131;106m▀[0m[38;2;109;124;108m[48;2;117;132;106m▀[0m[38;2;41;67;119m[48;2;105;121;110m▀[0m[38;2;2;36;127m[48;2;34;66;128m▀[0m[38;2;3;37;126m[48;2;2;43;137m▀[0m[38;2;5;39;128m[48;2;5;46;138m▀[0m[38;2;31;59;134m[48;2;37;71;145m▀[0m
 [38;2;82;105;111m[48;2;115;131;108m▀[0m[38;2;117;132;106m[48;2;117;132;106m▀[0m[38;2;116;132;106m[48;2;116;132;106m▀[0m[38;2;116;132;105m[48;2;116;132;105m▀[0m[38;2;116;132;105m[48;2;116;132;105m▀[0m[38;2;115;130;104m[48;2;113;128;103m▀[0m[38;2;98;116;94m[48;2;76;97;78m▀[0m[38;2;85;106;85m[48;2;65;88;70m▀[0m[38;2;104;122;98m[48;2;85;106;85m▀[0m[38;2;105;112;92m[48;2;103;106;88m▀[0m[38;2;135;106;81m[48;2;144;111;83m▀[0m[38;2;163;124;89m[48;2;163;124;89m▀[0m[38;2;162;123;88m[48;2;162;123;88m▀[0m[38;2;162;123;88m[48;2;162;123;88m▀[0m[38;2;162;122;88m[48;2;162;122;88m▀[0m[38;2;162;122;87m[48;2;162;122;87m▀[0m[38;2;162;122;87m[48;2;162;122;87m▀[0m[38;2;159;120;86m[48;2;159;120;86m▀[0m[38;2;161;122;87m[48;2;149;114;83m▀[0m[38;2;163;122;87m[48;2;151;115;83m▀[0m[38;2;162;122;87m[48;2;161;122;87m▀[0m[38;2;162;122;87m[48;2;163;122;87m▀[0m[38;2;157;119;86m[48;2;163;123;87m▀[0m[38;2;130;101;77m[48;2;145;111;82m▀[0m[38;2;131;100;76m[48;2;129;100;76m▀[0m[38;2;115;107;86m[48;2;121;105;82m▀[0m[38;2;114;130;105m[48;2;110;124;101m▀[0m[38;2;116;131;106m[48;2;113;128;104m▀[0m[38;2;116;131;106m[48;2;115;130;105m▀[0m[38;2;116;131;106m[48;2;116;131;106m▀[0m[38;2;116;131;106m[48;2;116;131;106m▀[0m[38;2;116;131;106m[48;2;116;131;106m▀[0m[38;2;116;131;106m[48;2;116;131;106m▀[0m[38;2;116;131;106m[48;2;116;131;106m▀[0m[38;2;118;132;106m[48;2;116;131;106m▀[0m[38;2;100;119;113m[48;2;118;132;106m▀[0m[38;2;30;71;141m[48;2;95;117;119m▀[0m[38;2;5;55;150m[48;2;30;81;155m▀[0m 
 [38;2;114;130;108m[48;2;111;128;108m▀[0m[38;2;117;132;106m[48;2;117;132;106m▀[0m[38;2;116;132;106m[48;2;116;132;106m▀[0m[38;2;116;132;105m[48;2;116;131;105m▀[0m[38;2;116;132;105m[48;2;116;131;105m▀[0m[38;2;115;130;104m[48;2;117;132;106m▀[0m[38;2;83;103;82m[48;2;93;112;90m▀[0m[38;2;64;87;69m[48;2;65;89;71m▀[0m[38;2;77;98;79m[48;2;70;94;74m▀[0m[38;2;102;103;85m[48;2;93;97;80m▀[0m[38;2;148;114;84m[48;2;147;113;84m▀[0m[38;2;163;124;89m[48;2;163;124;89m▀[0m[38;2;162;123;89m[48;2;162;123;89m▀[0m[38;2;162;123;88m[48;2;162;123;88m▀[0m[38;2;162;123;88m[48;2;162;123;88m▀[0m[38;2;162;122;87m[48;2;162;122;88m▀[0m[38;2;162;122;87m[48;2;162;123;88m▀[0m[38;2;162;123;88m[48;2;162;123;88m▀[0m[38;2;159;120;86m[48;2;162;123;87m▀[0m[38;2;138;106;80m[48;2;162;122;87m▀[0m[38;2;128;99;77m[48;2;145;111;82m▀[0m[38;2;149;114;84m[48;2;113;90;74m▀[0m[38;2;163;123;88m[48;2;131;102;78m▀[0m[38;2;161;122;88m[48;2;146;112;83m▀[0m[38;2;136;105;79m[48;2;116;96;76m▀[0m[38;2;125;104;81m[48;2;104;101;83m▀[0m[38;2;109;122;100m[48;2;110;124;101m▀[0m[38;2;111;126;103m[48;2;111;126;103m▀[0m[38;2;112;127;104m[48;2;111;126;103m▀[0m[38;2;115;130;106m[48;2;113;128;104m▀[0m[38;2;116;131;106m[48;2;116;131;106m▀[0m[38;2;116;131;106m[48;2;116;131;105m▀[0m[38;2;116;131;106m[48;2;116;131;106m▀[0m[38;2;116;131;106m[48;2;116;131;106m▀[0m[38;2;116;131;106m[48;2;116;131;106m▀[0m[38;2;116;131;107m[48;2;116;131;107m▀[0m[38;2;118;131;107m[48;2;117;131;107m▀[0m[38;2;97;122;124m[48;2;112;130;112m▀[0m 
  [38;2;116;132;107m[48;2;113;129;106m▀[0m[38;2;116;131;106m[48;2;116;131;106m▀[0m[38;2;116;131;105m[48;2;116;131;105m▀[0m[38;2;116;131;105m[48;2;115;130;105m▀[0m[38;2;115;130;105m[48;2;111;127;102m▀[0m[38;2;103;120;97m[48;2;111;127;102m▀[0m[38;2;71;94;75m[48;2;87;106;85m▀[0m[38;2;68;92;73m[48;2;68;91;72m▀[0m[38;2;82;91;75m[48;2;71;88;72m▀[0m[38;2;140;109;82m[48;2;124;101;79m▀[0m[38;2;163;124;89m[48;2;163;124;89m▀[0m[38;2;162;123;89m[48;2;162;123;89m▀[0m[38;2;162;123;89m[48;2;162;123;89m▀[0m[38;2;162;123;88m[48;2;162;123;88m▀[0m[38;2;162;123;88m[48;2;162;123;88m▀[0m[38;2;162;123;88m[48;2;162;123;88m▀[0m[38;2;162;123;88m[48;2;162;123;88m▀[0m[38;2;162;123;88m[48;2;162;122;88m▀[0m[38;2;162;122;87m[48;2;162;122;88m▀[0m[38;2;166;125;88m[48;2;154;122;81m▀[0m[38;2;151;116;83m[48;2;164;127;81m▀[0m[38;2;104;84;70m[48;2;134;104;80m▀[0m[38;2;119;92;72m[48;2;123;95;75m▀[0m[38;2;108;99;81m[48;2;116;105;84m▀[0m[38;2;109;125;101m[48;2;110;126;103m▀[0m[38;2;111;126;102m[48;2;111;127;103m▀[0m[38;2;111;126;103m[48;2;111;126;103m▀[0m[38;2;111;126;103m[48;2;111;126;103m▀[0m[38;2;111;126;103m[48;2;111;125;103m▀[0m[38;2;114;129;104m[48;2;111;125;103m▀[0m[38;2;116;131;105m[48;2;114;129;105m▀[0m[38;2;116;131;106m[48;2;116;131;106m▀[0m[38;2;116;131;106m[48;2;116;131;106m▀[0m[38;2;116;131;106m[48;2;116;131;106m▀[0m[38;2;116;131;106m[48;2;116;131;106m▀[0m[38;2;116;131;108m[48;2;113;129;107m▀[0m  
  [38;2;107;123;103m▀[0m[38;2;116;131;106m[48;2;112;128;104m▀[0m[38;2;116;131;105m[48;2;116;131;105m▀[0m[38;2;113;129;104m[48;2;112;128;103m▀[0m[38;2;110;126;102m[48;2;111;127;102m▀[0m[38;2;111;127;103m[48;2;111;127;102m▀[0m[38;2;101;119;96m[48;2;111;127;103m▀[0m[38;2;70;92;74m[48;2;89;109;87m▀[0m[38;2;64;87;69m[48;2;74;96;77m▀[0m[38;2;97;90;73m[48;2;80;92;75m▀[0m[38;2;158;120;88m[48;2;131;105;81m▀[0m[38;2;162;123;89m[48;2;163;124;89m▀[0m[38;2;162;123;89m[48;2;162;123;89m▀[0m[38;2;162;123;89m[48;2;162;123;89m▀[0m[38;2;162;123;88m[48;2;162;123;88m▀[0m[38;2;162;123;88m[48;2;162;123;88m▀[0m[38;2;162;123;88m[48;2;162;123;88m▀[0m[38;2;162;122;88m[48;2;162;123;88m▀[0m[38;2;162;123;88m[48;2;159;121;87m▀[0m[38;2;104;101;72m[48;2;120;107;77m▀[0m[38;2;140;115;82m[48;2;157;121;87m▀[0m[38;2;152;116;86m[48;2;154;117;86m▀[0m[38;2;125;97;76m[48;2;138;111;87m▀[0m[38;2;111;100;82m[48;2;142;115;86m▀[0m[38;2;106;110;90m[48;2;133;105;76m▀[0m[38;2;108;121;100m[48;2;100;104;87m▀[0m[38;2;111;126;103m[48;2;108;124;102m▀[0m[38;2;111;126;103m[48;2;111;126;103m▀[0m[38;2;111;125;103m[48;2;111;125;103m▀[0m[38;2;111;125;103m[48;2;111;125;103m▀[0m[38;2;113;127;104m[48;2;112;126;104m▀[0m[38;2;116;131;106m[48;2;115;130;106m▀[0m[38;2;116;131;106m[48;2;116;131;106m▀[0m[38;2;116;131;106m[48;2;116;131;106m▀[0m[38;2;116;131;106m[48;2;113;128;106m▀[0m[38;2;109;124;105m▀[0m  
    [38;2;113;128;104m[48;2;105;122;101m▀[0m[38;2;110;126;102m[48;2;110;126;102m▀[0m[38;2;111;127;102m[48;2;110;127;102m▀[0m[38;2;111;127;102m[48;2;106;122;99m▀[0m[38;2;109;124;101m[48;2;96;111;91m▀[0m[38;2;102;117;96m[48;2;82;97;80m▀[0m[38;2;92;107;88m[48;2;69;84;71m▀[0m[38;2;75;92;76m[48;2;59;73;63m▀[0m[38;2;76;81;67m[48;2;50;65;58m▀[0m[38;2;138;109;82m[48;2;67;70;60m▀[0m[38;2;163;124;89m[48;2;122;98;76m▀[0m[38;2;162;123;89m[48;2;156;118;87m▀[0m[38;2;162;123;88m[48;2;163;123;88m▀[0m[38;2;162;123;88m[48;2;164;124;89m▀[0m[38;2;162;123;88m[48;2;164;124;88m▀[0m[38;2;163;123;88m[48;2;165;124;89m▀[0m[38;2;150;118;85m[48;2;140;115;82m▀[0m[38;2;125;109;78m[48;2;134;112;80m▀[0m[38;2;162;123;88m[48;2;162;122;88m▀[0m[38;2;165;125;84m[48;2;149;115;82m▀[0m[38;2;185;149;95m[48;2;150;129;79m▀[0m[38;2;187;159;105m[48;2;140;141;97m▀[0m[38;2;174;146;101m[48;2;187;155;92m▀[0m[38;2;105;111;94m[48;2;105;102;72m▀[0m[38;2;91;106;89m[48;2;67;82;71m▀[0m[38;2;102;117;97m[48;2;83;97;82m▀[0m[38;2;109;124;102m[48;2;97;111;93m▀[0m[38;2;111;125;103m[48;2;107;122;101m▀[0m[38;2;111;125;103m[48;2;111;125;103m▀[0m[38;2;114;128;105m[48;2;112;127;104m▀[0m[38;2;116;131;106m[48;2;115;130;106m▀[0m[38;2;115;130;106m[48;2;110;125;104m▀[0m    
     [38;2;106;122;101m▀[0m[38;2;106;122;99m[48;2;93;109;90m▀[0m[38;2;93;108;89m[48;2;76;91;76m▀[0m[38;2;77;92;76m[48;2;59;73;63m▀[0m[38;2;62;76;65m[48;2;46;59;53m▀[0m[38;2;50;64;56m[48;2;37;48;47m▀[0m[38;2;42;55;51m[48;2;31;42;43m▀[0m[38;2;37;49;48m[48;2;29;39;42m▀[0m[38;2;35;47;46m[48;2;29;40;42m▀[0m[38;2;43;51;49m[48;2;32;43;44m▀[0m[38;2;76;75;61m[48;2;37;54;49m▀[0m[38;2;111;95;73m[48;2;52;71;58m▀[0m[38;2;132;105;80m[48;2;74;79;61m▀[0m[38;2;142;111;83m[48;2;71;79;64m▀[0m[38;2;144;113;83m[48;2;71;82;68m▀[0m[38;2;113;101;75m[48;2;61;79;64m▀[0m[38;2;104;94;72m[48;2;57;73;61m▀[0m[38;2;91;83;67m[48;2;50;64;57m▀[0m[38;2;60;70;58m[48;2;45;64;54m▀[0m[38;2;76;96;76m[48;2;53;78;61m▀[0m[38;2;95;109;83m[48;2;44;63;54m▀[0m[38;2;97;89;59m[48;2;28;40;43m▀[0m[38;2;68;71;55m[48;2;31;42;44m▀[0m[38;2;50;63;57m[48;2;37;49;48m▀[0m[38;2;62;76;66m[48;2;46;58;54m▀[0m[38;2;78;92;78m[48;2;60;73;64m▀[0m[38;2;95;110;91m[48;2;78;93;78m▀[0m[38;2;108;123;101m[48;2;99;113;94m▀[0m[38;2;112;127;104m[48;2;108;123;103m▀[0m[38;2;111;126;105m▀[0m     
       [38;2;67;83;71m▀[0m[38;2;46;60;54m[48;2;54;70;63m▀[0m[38;2;34;46;46m[48;2;34;46;46m▀[0m[38;2;28;39;41m[48;2;25;35;39m▀[0m[38;2;26;36;39m[48;2;25;35;39m▀[0m[38;2;25;35;39m[48;2;25;35;39m▀[0m[38;2;27;37;40m[48;2;27;37;40m▀[0m[38;2;31;43;43m[48;2;32;43;43m▀[0m[38;2;39;51;48m[48;2;39;51;48m▀[0m[38;2;109;105;71m[48;2;75;81;61m▀[0m[38;2;138;133;83m[48;2;83;101;77m▀[0m[38;2;78;89;68m[48;2;69;86;69m▀[0m[38;2;67;85;70m[48;2;71;89;72m▀[0m[38;2;60;81;65m[48;2;63;84;67m▀[0m[38;2;61;77;65m[48;2;65;80;67m▀[0m[38;2;54;69;59m[48;2;53;72;60m▀[0m[38;2;45;65;54m[48;2;43;60;53m▀[0m[38;2;38;53;49m[48;2;36;48;46m▀[0m[38;2;31;42;43m[48;2;30;40;42m▀[0m[38;2;27;36;40m[48;2;26;36;40m▀[0m[38;2;27;36;40m[48;2;26;35;40m▀[0m[38;2;29;39;42m[48;2;27;36;41m▀[0m[38;2;35;46;46m[48;2;29;39;42m▀[0m[38;2;46;58;54m[48;2;43;54;52m▀[0m[38;2;64;78;67m[48;2;66;80;72m▀[0m[38;2;87;103;87m▀[0m       
          [38;2;40;53;52m▀[0m[38;2;28;39;42m[48;2;57;73;66m▀[0m[38;2;24;34;39m[48;2;42;55;54m▀[0m[38;2;26;37;40m[48;2;33;44;46m▀[0m[38;2;32;43;43m[48;2;32;44;44m▀[0m[38;2;38;51;48m[48;2;37;50;47m▀[0m[38;2;45;59;53m[48;2;45;59;53m▀[0m[38;2;52;70;58m[48;2;54;70;59m▀[0m[38;2;63;82;66m[48;2;58;79;63m▀[0m[38;2;71;89;72m[48;2;66;86;69m▀[0m[38;2;65;85;68m[48;2;64;83;67m▀[0m[38;2;63;81;66m[48;2;56;77;62m▀[0m[38;2;50;70;58m[48;2;50;66;57m▀[0m[38;2;43;56;51m[48;2;42;55;51m▀[0m[38;2;36;48;46m[48;2;35;47;46m▀[0m[38;2;30;41;42m[48;2;31;42;44m▀[0m[38;2;26;35;40m[48;2;33;43;46m▀[0m[38;2;26;35;40m[48;2;43;54;55m▀[0m[38;2;31;40;44m[48;2;58;69;68m▀[0m[38;2;43;54;55m▀[0m          
              [38;2;56;72;65m▀[0m[38;2;52;67;61m▀[0m[38;2;53;68;60m▀[0m[38;2;58;74;63m▀[0m[38;2;60;79;65m[48;2;75;97;80m▀[0m[38;2;60;82;65m[48;2;73;96;78m▀[0m[38;2;60;81;65m[48;2;72;89;74m▀[0m[38;2;58;76;63m[48;2;74;86;73m▀[0m[38;2;56;69;61m▀[0m[38;2;51;64;58m▀[0m[38;2;51;64;60m▀[0m[38;2;56;68;65m▀[0m              
